1 2000000 10 1 50 0 782.08 344.00 832.00 2640.60 51.39 785.00 792.00 798.00 804.00 819.94 12500.00
1 2000000 10 1 50 0 909.72 339.00 967.00 4583.57 67.70 916.00 922.00 927.00 929.00 950.75 12600.00
1 2000000 10 1 50 0 978.62 477.00 1044.00 5012.48 70.80 986.00 992.00 1000.00 1011.00 1030.04 13000.00
1 2000000 10 1 50 0 1045.70 492.00 1110.00 6708.40 81.90 1052.00 1061.00 1073.30 1098.00 1105.00 12600.00
1 2000000 10 1 50 0 1105.38 533.00 1184.00 7506.70 86.64 1114.00 1123.00 1134.00 1140.65 1172.12 12750.00
1 2000000 10 2 50 0 710.90 241.00 778.00 2488.13 49.88 718.00 719.00 721.00 722.00 726.00 13500.00
1 2000000 10 2 50 0 957.18 316.00 1063.00 5952.73 77.15 970.00 971.00 972.00 973.00 1017.31 15000.00
1 2000000 10 2 50 0 998.15 325.00 1129.00 7613.60 87.26 1011.00 1013.00 1019.00 1026.45 1113.36 15200.00
1 2000000 10 2 50 0 1026.71 139.00 1056.00 6802.83 82.48 1041.00 1043.00 1046.00 1047.00 1050.00 16150.00
1 2000000 10 2 50 0 1097.24 371.00 1226.00 9090.79 95.35 1114.00 1116.00 1118.60 1124.00 1195.84 15300.00
1 2000000 10 3 50 0 789.89 106.00 948.00 5204.29 72.14 801.00 802.00 805.00 806.00 815.30 12000.00
1 2000000 10 3 50 0 895.82 117.00 951.00 6976.18 83.52 910.00 911.00 914.00 915.00 919.30 12600.00
1 2000000 10 3 50 0 943.15 175.00 989.00 8042.63 89.68 959.00 960.00 963.00 965.00 979.00 13000.00
1 2000000 10 3 50 0 1002.96 184.00 1067.00 10194.04 100.97 1022.00 1023.00 1025.00 1027.00 1065.00 13300.00
1 2000000 10 3 50 0 1044.00 147.00 1110.00 10777.84 103.82 1063.00 1064.50 1067.00 1069.00 1078.00 13500.00
1 2000000 11 2 50 0 657.15 148.00 723.00 2019.63 44.94 663.00 664.00 666.00 667.00 673.00 15000.00
1 2000000 11 2 50 0 891.95 293.00 994.00 4757.86 68.98 903.00 904.00 906.00 907.00 937.74 16500.00
1 2000000 11 2 50 0 923.55 260.00 1002.00 5000.71 70.72 934.00 936.00 938.00 941.00 960.90 16800.00
1 2000000 11 2 50 0 965.43 204.00 1086.00 6602.19 81.25 977.00 979.00 982.00 987.00 1054.88 17000.00
1 2000000 11 2 50 0 1018.66 345.00 1127.00 6847.58 82.75 1033.00 1036.00 1038.00 1040.00 1055.20 17100.00
1 2000000 11 3 50 0 734.66 228.00 787.00 2901.81 53.87 743.00 744.00 745.00 747.00 784.28 13000.00
1 2000000 11 3 50 0 970.09 124.00 1120.00 9431.69 97.12 988.00 991.00 993.60 996.00 1095.00 15000.00
1 2000000 11 3 50 0 1031.15 303.00 1075.00 10976.39 104.77 1052.00 1053.25 1056.10 1062.00 1067.89 15200.00
1 2000000 11 3 50 0 1109.39 213.00 1158.00 12276.59 110.80 1131.00 1133.00 1135.00 1139.00 1142.00 15300.00
1 2000000 12 2 50 0 1051.71 353.00 1403.00 9923.62 99.62 1059.00 1072.00 1081.00 1097.00 1270.00 18000.00
1 2000000 12 2 50 0 626.10 361.00 798.00 1203.93 34.70 629.00 630.00 632.00 633.00 731.15 15500.00
1 2000000 12 2 50 0 826.73 177.00 887.00 4031.91 63.50 836.00 838.00 843.00 845.00 875.04 17250.00
1 2000000 12 2 50 0 957.29 315.00 1079.00 6290.52 79.31 970.00 972.00 975.00 979.00 1047.68 18000.00
1 2000000 12 2 50 0 984.52 334.00 1211.00 6281.05 79.25 990.00 993.00 1003.00 1005.05 1182.14 19000.00
1 2000000 12 3 50 0 623.95 180.00 969.00 47576.77 218.12 535.00 789.50 956.00 958.00 967.34 15500.00
1 2000000 12 3 50 0 918.96 123.00 948.00 7333.88 85.64 934.00 935.00 938.00 941.00 944.75 15750.00
1 2000000 12 3 50 0 968.82 183.00 1003.00 8414.97 91.73 986.00 988.00 991.00 994.00 1001.94 16000.00
1 2000000 12 3 50 0 1010.65 253.00 1117.00 9410.48 97.01 1028.00 1029.00 1031.00 1033.65 1097.52 16150.00
1 2000000 12 3 50 0 1047.77 157.00 1144.00 11000.10 104.88 1066.00 1068.00 1072.00 1075.35 1117.05 16200.00
1 2000000 13 2 50 0 995.13 330.00 1320.00 8469.81 92.03 1002.00 1009.00 1017.00 1034.00 1160.60 19000.00
1 2000000 13 2 50 0 583.84 106.00 658.00 1333.97 36.52 587.00 589.00 595.00 602.00 609.00 17000.00
1 2000000 13 2 50 0 782.18 200.00 863.00 2819.83 53.10 790.00 792.00 794.00 796.00 800.99 18750.00
1 2000000 13 2 50 0 900.77 310.00 1009.00 4790.75 69.22 910.00 913.00 916.00 920.30 963.40 18900.00
1 2000000 13 2 50 0 935.63 332.00 1032.00 4866.30 69.76 945.00 949.00 956.00 957.05 967.00 19950.00
1 2000000 13 3 50 0 1063.69 148.00 1149.00 10835.84 104.10 1082.00 1084.00 1086.00 1087.75 1106.15 18000.00
1 2000000 13 3 50 0 642.52 330.00 812.00 27826.31 166.81 745.00 747.00 748.00 749.00 753.00 15000.00
1 2000000 13 3 50 0 867.55 119.00 893.00 5998.90 77.45 881.00 883.00 885.00 888.00 891.00 16500.00
1 2000000 13 3 50 0 990.35 203.00 1067.00 9199.80 95.92 1007.00 1009.00 1012.00 1023.00 1030.60 17100.00
1 2000000 13 3 50 0 999.41 143.00 1031.00 7793.63 88.28 1014.00 1018.00 1023.00 1025.00 1031.00 18050.00
1 2000000 14 2 50 0 923.08 208.00 1058.00 5970.07 77.27 931.00 937.00 944.00 947.00 1037.28 21000.00
1 2000000 14 2 50 0 557.74 112.00 606.00 1104.14 33.23 562.00 564.00 568.00 569.70 575.00 17500.00
1 2000000 14 2 50 0 743.12 200.00 822.00 2459.92 49.60 749.00 751.00 754.30 763.65 807.00 19500.00
1 2000000 14 2 50 0 846.07 196.00 892.00 3985.45 63.13 856.00 859.75 864.00 867.00 883.39 20700.00
1 2000000 14 2 50 0 882.04 262.00 996.00 4176.67 64.63 890.00 893.00 901.00 903.00 909.16 20900.00
1 2000000 14 3 50 0 1000.57 140.00 1244.00 12408.70 111.39 1016.50 1019.00 1024.00 1037.00 1134.09 19000.00
1 2000000 14 3 50 0 631.47 132.00 717.00 2158.37 46.46 638.00 639.00 642.00 649.00 665.00 15500.00
1 2000000 14 3 50 0 823.05 114.00 865.00 5301.66 72.81 835.00 837.00 839.00 841.00 847.00 17250.00
1 2000000 14 3 50 0 943.55 206.00 1013.00 6862.31 82.84 958.00 960.00 962.00 964.00 984.00 18000.00
1 2000000 14 3 50 0 947.10 307.00 1171.00 64646.61 254.26 1106.00 1109.00 1111.00 1114.00 1151.00 19000.00
1 2000000 15 2 50 0 908.66 375.00 1365.00 13165.80 114.74 910.00 917.00 927.70 1040.35 1363.00 21000.00
1 2000000 15 2 50 0 538.29 299.00 678.00 602.75 24.55 540.00 542.00 544.00 547.00 594.00 18000.00
1 2000000 15 2 50 0 706.83 173.00 806.00 2466.56 49.66 712.00 715.00 724.00 729.00 747.69 21000.00
1 2000000 15 2 50 0 821.34 127.00 898.00 3933.41 62.72 828.00 831.00 838.00 851.00 868.00 21600.00
1 2000000 15 2 50 0 840.24 249.00 911.00 3579.17 59.83 846.00 850.00 856.00 868.65 897.33 21850.00
1 2000000 15 3 50 0 953.97 139.00 1030.00 7143.28 84.52 968.00 970.00 974.00 981.00 997.82 20000.00
1 2000000 15 3 50 0 581.74 229.00 726.00 23763.23 154.15 675.00 678.00 680.00 682.00 716.44 16500.00
1 2000000 15 3 50 0 795.43 164.00 821.00 4401.53 66.34 806.00 807.00 809.00 811.00 816.00 18000.00
1 2000000 15 3 50 0 894.99 147.00 1060.00 6971.80 83.50 907.00 910.00 915.00 917.00 977.64 18900.00
1 2000000 15 3 50 0 915.63 131.00 1235.00 7887.83 88.81 928.00 931.00 934.00 935.70 1158.12 19950.00
1 2000000 15 4 50 0 667.43 128.00 704.00 2707.89 52.04 675.00 676.00 678.00 681.00 699.00 14500.00
1 2000000 15 4 50 0 850.32 112.00 1157.00 5793.29 76.11 863.00 864.00 867.00 872.00 904.17 17250.00
1 2000000 15 4 50 0 977.65 130.00 1023.00 9027.87 95.02 996.00 998.00 1001.00 1003.00 1022.00 18000.00
1 2000000 15 4 50 0 1012.53 152.00 1058.00 10017.22 100.09 1031.00 1033.00 1035.00 1039.00 1044.32 18050.00
1 2000000 15 5 50 0 680.94 101.00 1064.00 41733.95 204.29 829.00 830.00 832.00 833.00 840.00 14000.00
1 2000000 15 5 50 0 908.11 166.00 1029.00 46196.41 214.93 1018.00 1020.00 1021.00 1023.00 1027.44 15750.00
1 2000000 15 5 50 0 976.17 125.00 1009.00 10979.01 104.78 996.00 998.00 999.00 1000.00 1005.00 16000.00
1 2000000 15 5 50 0 1044.83 125.00 1369.00 16969.84 130.27 1066.00 1068.00 1071.00 1138.45 1344.28 16200.00
1 2000000 5 1 50 0 614.17 328.00 630.00 1115.81 33.40 618.50 620.00 621.00 622.00 623.00 3200.00
1 2000000 5 1 50 0 826.64 407.00 857.00 3100.70 55.68 833.00 835.00 840.00 841.40 849.00 3450.00
1 2000000 5 1 50 0 1026.89 458.00 1058.00 6547.68 80.92 1039.00 1040.00 1042.00 1043.00 1051.21 3800.00
1 2000000 5 1 50 0 1218.77 595.00 1258.00 10647.17 103.19 1236.00 1237.00 1239.00 1240.00 1245.81 4000.00
1 2000000 5 1 50 0 2115.71 1132.00 2218.00 54960.48 234.44 2166.50 2182.00 2185.20 2189.00 2209.84 4500.00
1 2000000 5 2 50 0 699.16 131.00 712.00 3202.51 56.59 708.00 708.00 709.00 710.00 711.00 2800.00
1 2000000 5 2 50 0 893.81 114.00 914.00 5738.71 75.75 907.00 908.00 909.00 910.00 913.00 3300.00
1 2000000 5 2 50 0 1082.78 128.00 1110.00 9593.81 97.95 1101.00 1102.00 1103.00 1104.00 1109.40 3600.00
1 2000000 5 2 50 0 1302.61 330.00 1355.00 21019.74 144.98 1333.00 1334.00 1335.00 1336.00 1338.04 3750.00
1 2000000 5 2 50 0 2165.68 554.00 2327.00 104359.35 323.05 2252.00 2254.00 2257.00 2259.35 2311.05 4000.00
1 2000000 6 1 50 0 976.50 480.00 1017.00 5318.34 72.93 986.00 989.00 995.00 1002.00 1016.00 5000.00
1 2000000 6 1 50 0 1113.50 456.00 1189.00 8727.54 93.42 1123.00 1128.00 1141.00 1166.70 1189.00 5100.00
1 2000000 6 1 50 0 1248.39 459.00 1323.00 12781.76 113.06 1264.00 1268.00 1275.00 1293.00 1322.00 5250.00
1 2000000 6 1 50 0 1641.94 357.00 1706.00 20865.20 144.45 1655.00 1662.00 1669.00 1671.15 1696.05 6000.00
1 2000000 6 2 50 0 556.79 164.00 583.00 1282.24 35.81 562.00 563.00 564.00 565.00 576.00 3500.00
1 2000000 6 2 50 0 721.44 130.00 736.00 3496.66 59.13 731.00 732.00 732.00 733.00 736.00 4050.00
1 2000000 6 2 50 0 871.77 148.00 893.00 6537.98 80.86 886.00 887.00 888.00 888.00 892.53 4400.00
1 2000000 6 2 50 0 1002.92 169.00 1056.00 8488.07 92.13 1019.00 1020.00 1021.00 1022.85 1025.34 4750.00
1 2000000 6 2 50 0 1681.91 360.00 1758.00 45625.26 213.60 1731.00 1733.00 1735.00 1738.00 1744.22 5500.00
1 2000000 7 1 50 0 871.86 368.00 937.00 3984.02 63.12 876.00 881.00 889.00 893.40 936.00 5500.00
1 2000000 7 1 50 0 1005.05 508.00 1040.00 5491.95 74.11 1016.00 1018.00 1022.00 1028.60 1032.00 5700.00
1 2000000 7 1 50 0 1127.09 606.00 1168.00 7452.56 86.33 1141.00 1143.00 1147.00 1151.00 1154.51 5950.00
1 2000000 7 1 50 0 1501.97 607.00 1557.00 21647.38 147.13 1526.00 1529.00 1531.00 1533.00 1545.64 6500.00
1 2000000 7 2 50 0 908.67 158.00 941.00 6276.44 79.22 922.00 923.00 925.00 926.00 927.00 5250.00
1 2000000 7 2 50 0 1031.20 228.00 1072.00 9034.35 95.05 1048.00 1049.00 1050.00 1051.00 1054.00 5700.00
1 2000000 7 2 50 0 1140.79 153.00 1203.00 11091.08 105.31 1160.00 1162.00 1164.00 1166.00 1187.00 5950.00
1 2000000 7 2 50 0 1482.65 164.00 1527.00 28561.39 169.00 1521.00 1522.00 1524.00 1525.00 1526.00 6500.00
1 2000000 8 1 50 0 874.03 161.00 920.00 2375.58 48.74 875.00 881.00 889.00 889.00 907.59 11000.00
1 2000000 8 1 50 0 982.59 547.00 1029.00 4501.30 67.09 991.00 995.00 1008.00 1013.00 1018.00 11000.00
1 2000000 8 1 50 0 1038.66 290.00 1115.00 6058.67 77.84 1042.00 1052.00 1058.10 1065.20 1109.21 11400.00
1 2000000 8 1 50 0 1244.83 689.00 1306.00 9707.08 98.52 1261.00 1265.00 1274.00 1276.00 1292.64 11250.00
1 2000000 8 2 50 0 833.60 267.00 893.00 4048.77 63.63 844.00 845.00 848.00 852.00 883.00 11500.00
1 2000000 8 2 50 0 950.23 246.00 1028.00 6910.48 83.13 965.00 967.00 971.00 979.00 1024.76 12000.00
1 2000000 8 2 50 0 1005.42 256.00 1087.00 6938.17 83.30 1019.00 1022.00 1027.00 1030.00 1035.00 12350.00
1 2000000 8 2 50 0 1120.80 209.00 1176.00 11418.91 106.86 1141.00 1143.00 1147.00 1150.65 1153.00 12750.00
1 2000000 9 1 50 0 831.71 290.00 892.00 3230.59 56.84 834.00 839.00 855.00 866.00 873.44 11500.00
1 2000000 9 1 50 0 967.49 413.00 1018.00 5300.03 72.80 973.00 978.00 996.00 1010.00 1017.00 12000.00
1 2000000 9 1 50 0 1042.58 542.00 1105.00 6016.14 77.56 1051.00 1063.00 1071.00 1073.00 1090.28 11700.00
1 2000000 9 1 50 0 1163.33 710.00 1257.00 6698.13 81.84 1174.00 1179.50 1196.00 1214.00 1244.80 12000.00
1 2000000 9 2 50 0 756.36 152.00 789.00 3271.09 57.19 765.00 766.00 768.00 769.95 774.00 13000.00
1 2000000 9 2 50 0 865.21 176.00 931.00 4645.92 68.16 876.00 877.00 879.00 880.00 902.00 13200.00
1 2000000 9 2 50 0 915.64 183.00 978.00 6099.04 78.10 928.00 930.00 932.00 935.00 950.04 13650.00
1 2000000 9 2 50 0 980.50 311.00 1065.00 7110.57 84.32 994.00 997.00 998.00 999.00 1024.09 14000.00
1 2000000 9 2 50 0 1024.68 228.00 1102.00 7701.64 87.76 1040.00 1042.00 1044.00 1046.00 1062.09 14250.00
1 2000000 9 3 50 0 842.29 245.00 893.00 5393.63 73.44 854.00 855.00 859.00 864.00 872.00 11500.00
1 2000000 9 3 50 0 968.72 180.00 1022.00 8843.39 94.04 986.00 988.00 990.00 992.00 995.00 12000.00
1 2000000 9 3 50 0 1021.38 187.00 1059.00 10623.18 103.07 1040.00 1041.00 1044.00 1045.00 1048.00 12350.00
1 2000000 9 3 50 0 1115.48 134.00 1164.00 13665.14 116.90 1138.00 1140.00 1143.00 1151.00 1163.00 12750.00
